              pos_x         pos_y         pos_z           x_y         x_y_z             r         tetha           phi
count  5.680000e+02  5.680000e+02  5.680000e+02  5.680000e+02  5.680000e+02  5.680000e+02  5.680000e+02  5.680000e+02
mean   1.176680e-16  5.263786e-16  1.125371e-15 -1.563694e-16 -1.004674e-16 -5.035096e-16 -4.315797e-16  2.036712e-16
std    1.000881e+00  1.000881e+00  1.000881e+00  1.000881e+00  1.000881e+00  1.000881e+00  1.000881e+00  1.000881e+00
min   -1.538766e+00 -1.968199e+00 -1.643029e+00 -1.342627e+00 -1.245348e+00 -2.025926e+00 -2.103749e+00 -1.616522e+00
25%   -9.231978e-01 -8.282779e-01 -1.071358e-01 -8.194297e-01 -8.981354e-01 -8.890852e-01 -8.692215e-01 -9.968756e-01
50%   -1.317527e-01 -3.397402e-01 -1.071358e-01 -2.907253e-01 -2.520715e-01  5.292475e-02  1.300248e-01 -9.917728e-03
75%    7.476307e-01  8.001813e-01 -1.071358e-01  7.790749e-01  7.087043e-01  7.675812e-01  9.435915e-01  1.016010e+00
max    2.066706e+00  2.428640e+00  1.587643e+00  3.278029e+00  2.894714e+00  2.233647e+00  1.557918e+00  1.329065e+00
              pos_x         pos_y         pos_z           x_y         x_y_z             r         tetha           phi
count  5.050000e+02  5.050000e+02  5.050000e+02  5.050000e+02  5.050000e+02  5.050000e+02  5.050000e+02  5.050000e+02
mean  -1.987409e-16  1.591686e-16  9.339064e-16  2.646948e-16  2.369941e-16  2.866794e-16  1.289617e-15 -1.640052e-16
std    1.000992e+00  1.000992e+00  1.000992e+00  1.000992e+00  1.000992e+00  1.000992e+00  1.000992e+00  1.000992e+00
min   -3.878953e+00 -1.400726e+00 -7.943179e-01 -1.877042e+00 -1.092722e+00 -3.612314e+00 -3.377859e+00 -1.888780e+00
25%   -4.349002e-01 -8.575727e-01 -7.943179e-01 -7.313054e-01 -7.555333e-01 -4.061036e-01 -6.958722e-01 -7.823401e-01
50%    9.495409e-02 -1.333683e-01 -7.943179e-01 -6.579480e-02 -4.691905e-01  1.184220e-01  7.290862e-02 -7.577135e-02
75%    6.248084e-01  7.718871e-01  6.033495e-01  5.467775e-01  5.777002e-01  6.120678e-01  7.754073e-01  6.983123e-01
max    1.684517e+00  2.401347e+00  2.145603e+00  3.004629e+00  2.821343e+00  1.904311e+00  1.871235e+00  3.258421e+00
              pos_x         pos_y         pos_z           x_y         x_y_z             r         tetha           phi
count  1.830000e+02  1.830000e+02  1.830000e+02  1.830000e+02  1.830000e+02  1.830000e+02  1.830000e+02  1.830000e+02
mean  -1.619834e-16  5.687618e-17  4.343823e-16 -2.305381e-17 -3.623961e-17  7.031412e-16 -1.558938e-15 -5.293276e-16
std    1.002743e+00  1.002743e+00  1.002743e+00  1.002743e+00  1.002743e+00  1.002743e+00  1.002743e+00  1.002743e+00
min   -3.563583e+00 -9.368795e-01 -1.719115e+00 -1.615453e+00 -1.363499e+00 -3.004942e+00 -4.788037e+00 -1.357507e+00
25%   -6.554295e-01 -7.094936e-01 -3.172491e-01 -7.764718e-01 -7.494760e-01 -7.748942e-01 -4.366433e-01 -7.029458e-01
50%    2.666679e-01 -4.821077e-01 -3.172491e-01 -3.686698e-01 -9.179679e-02  1.598248e-01  2.615168e-01 -3.005062e-01
75%    6.922514e-01  6.548216e-01  1.229638e+00  6.495367e-01  4.879007e-01  7.971724e-01  7.115939e-01  5.234777e-01
max    1.685279e+00  3.383452e+00  1.229638e+00  3.111934e+00  3.681985e+00  1.873955e+00  1.351416e+00  5.020726e+00
              pos_x         pos_y         pos_z           x_y         x_y_z             r         tetha           phi
count  4.770000e+02  4.770000e+02  4.770000e+02  4.770000e+02  4.770000e+02  4.770000e+02  4.770000e+02  4.770000e+02
mean  -1.978385e-16 -1.093930e-16 -6.000325e-16 -2.234411e-17  1.452367e-16 -1.852699e-16 -1.376723e-16 -2.675475e-16
std    1.001050e+00  1.001050e+00  1.001050e+00  1.001050e+00  1.001050e+00  1.001050e+00  1.001050e+00  1.001050e+00
min   -2.379933e+00 -1.895100e+00 -1.033931e+00 -2.340524e+00 -1.449122e+00 -2.948863e+00 -2.842246e+00 -1.803957e+00
25%   -6.994968e-01 -7.189405e-01 -1.033931e+00 -7.013587e-01 -8.163788e-01 -7.635913e-01 -7.555301e-01 -9.381771e-01
50%   -4.599377e-02  1.211737e-01  8.969945e-01 -1.290943e-02 -3.101841e-01  1.588150e-02  2.728371e-02  7.144214e-02
75%    7.942244e-01  7.932651e-01  8.969945e-01  7.411064e-01  7.142576e-01  7.070272e-01  9.089886e-01  8.646057e-01
max    2.101230e+00  1.633379e+00  3.027671e+00  2.587899e+00  3.269336e+00  2.185267e+00  1.667855e+00  1.686875e+00
              pos_x         pos_y         pos_z           x_y         x_y_z             r         tetha           phi
count  4.650000e+02  4.650000e+02  4.650000e+02  4.650000e+02  4.650000e+02  4.650000e+02  4.650000e+02  4.650000e+02
mean  -3.409459e-16  4.321513e-16  1.939906e-15  2.127331e-16 -1.365694e-16 -3.282918e-16  3.065648e-16 -7.496990e-17
std    1.001077e+00  1.001077e+00  1.001077e+00  1.001077e+00  1.001077e+00  1.001077e+00  1.001077e+00  1.001077e+00
min   -1.521497e+00 -1.683874e+00 -3.354484e+00 -1.232489e+00 -1.152629e+00 -1.874314e+00 -2.401245e+00 -1.499042e+00
25%   -1.003402e+00 -8.267295e-01  4.868538e-01 -8.361674e-01 -8.470325e-01 -9.031984e-01 -8.789149e-01 -8.451597e-01
50%   -4.122479e-02 -1.838713e-01  4.868538e-01 -3.483867e-01 -3.605917e-01 -1.431538e-01  3.623481e-01 -3.764949e-01
75%    9.949659e-01  8.875591e-01  4.868538e-01  8.362236e-01  7.537999e-01  9.748763e-01  7.965418e-01  1.176446e+00
max    1.735102e+00  1.744703e+00  4.868538e-01  2.587008e+00  2.734940e+00  1.849836e+00  1.429316e+00  1.475755e+00
              pos_x         pos_y         pos_z           x_y         x_y_z             r         tetha           phi
count  9.430000e+02  9.430000e+02  9.430000e+02  9.430000e+02  9.430000e+02  9.430000e+02  9.430000e+02  9.430000e+02
mean   2.074457e-16 -3.484899e-17  9.796570e-16  1.648263e-17  3.574377e-16  3.849872e-16  3.184974e-16  3.016616e-16
std    1.000531e+00  1.000531e+00  1.000531e+00  1.000531e+00  1.000531e+00  1.000531e+00  1.000531e+00  1.000531e+00
min   -2.929174e+00 -1.509594e+00 -1.021412e+00 -1.886499e+00 -1.278589e+00 -2.961046e+00 -4.066026e+00 -1.634375e+00
25%   -4.334686e-01 -1.002693e+00 -1.021412e+00 -7.103693e-01 -8.650950e-01 -4.714091e-01 -3.958809e-01 -7.819905e-01
50%    1.904578e-01  1.110918e-02  2.905298e-01 -7.462354e-02 -2.221778e-01  1.893059e-01  1.938716e-01 -1.572731e-01
75%    7.252518e-01  6.869774e-01  2.905298e-01  6.017394e-01  7.815911e-01  6.624548e-01  7.183937e-01  5.351783e-01
max    1.616575e+00  2.038714e+00  1.738190e+00  2.959297e+00  2.695226e+00  1.863083e+00  1.422009e+00  2.575282e+00
              pos_x         pos_y         pos_z           x_y         x_y_z             r         tetha           phi
count  1.084000e+03  1.084000e+03  1.084000e+03  1.084000e+03  1.084000e+03  1.084000e+03  1.084000e+03  1.084000e+03
mean  -4.215570e-16 -7.619981e-17 -9.439456e-16  1.392900e-16 -5.352422e-16 -5.813308e-16 -1.811858e-16  7.598217e-17
std    1.000462e+00  1.000462e+00  1.000462e+00  1.000462e+00  1.000462e+00  1.000462e+00  1.000462e+00  1.000462e+00
min   -2.311096e+00 -1.485650e+00 -1.459469e+00 -1.644391e+00 -1.345144e+00 -2.479039e+00 -3.269219e+00 -1.567460e+00
25%   -5.806402e-01 -9.761771e-01 -2.267357e-01 -7.923492e-01 -8.579651e-01 -6.836262e-01 -4.974238e-01 -7.931504e-01
50%    2.845877e-01  4.276944e-02 -2.267357e-01 -5.493911e-02 -2.444855e-01  2.019739e-01  2.241339e-01 -1.963346e-01
75%    7.565302e-01  7.220672e-01  1.133522e+00  6.311431e-01  7.524344e-01  7.317488e-01  7.714606e-01  5.632862e-01
max    1.621758e+00  2.080663e+00  1.133522e+00  3.026443e+00  2.845979e+00  1.961095e+00  1.485632e+00  2.086787e+00
              pos_x         pos_y         pos_z           x_y         x_y_z             r         tetha           phi
count  5.540000e+02  5.540000e+02  5.540000e+02  5.540000e+02  5.540000e+02  5.540000e+02  5.540000e+02  5.540000e+02
mean   1.430865e-16  3.414838e-16  2.280566e-16  1.042087e-16  1.687379e-16  7.615248e-18  5.661336e-17  2.811630e-16
std    1.000904e+00  1.000904e+00  1.000904e+00  1.000904e+00  1.000904e+00  1.000904e+00  1.000904e+00  1.000904e+00
min   -1.398151e+00 -1.709603e+00 -2.874293e+00 -1.383914e+00 -1.219734e+00 -1.863404e+00 -2.053663e+00 -1.974451e+00
25%   -8.880343e-01 -8.003094e-01 -1.173807e+00 -9.178164e-01 -8.189664e-01 -8.279539e-01 -9.043178e-01 -9.648497e-01
50%   -2.686070e-01  1.089839e-01  7.025909e-01 -1.026982e-01 -3.125351e-01 -3.895123e-02  1.972168e-02  2.409909e-01
75%    1.006684e+00  6.545599e-01  7.025909e-01  7.632268e-01  6.801124e-01  8.419253e-01  9.268059e-01  9.927404e-01
max    2.245539e+00  2.109429e+00  7.025909e-01  3.409600e+00  2.906872e+00  2.420709e+00  1.752639e+00  1.093296e+00
              pos_x         pos_y         pos_z           x_y         x_y_z             r         tetha           phi
count  4.660000e+02  4.660000e+02  4.660000e+02  4.660000e+02  4.660000e+02  4.660000e+02  4.660000e+02  4.660000e+02
mean   1.093546e-15  3.764275e-16  1.159302e-15  1.072104e-17 -1.865461e-16  2.071543e-16 -1.824959e-16  2.916122e-16
std    1.001075e+00  1.001075e+00  1.001075e+00  1.001075e+00  1.001075e+00  1.001075e+00  1.001075e+00  1.001075e+00
min   -1.065515e+00 -2.126709e+00 -2.675932e+00 -1.002571e+00 -9.037565e-01 -1.711954e+00 -1.867537e+00 -2.035803e+00
25%   -7.279119e-01 -8.507618e-01 -1.085670e+00 -7.155299e-01 -7.098244e-01 -7.551883e-01 -8.642120e-01 -8.392269e-01
50%   -3.903086e-01 -3.039273e-01  6.691006e-01 -3.498074e-01 -3.951704e-01 -1.943441e-01 -1.556013e-01  4.933083e-01
75%    6.225014e-01  9.720198e-01  6.691006e-01  3.903800e-01  3.590431e-01  5.559031e-01  8.806044e-01  8.915014e-01
max    2.394919e+00  2.430245e+00  6.691006e-01  3.770764e+00  3.748521e+00  2.512469e+00  1.799110e+00  9.261098e-01
              pos_x         pos_y         pos_z           x_y         x_y_z             r         tetha           phi
count  7.280000e+02  7.280000e+02  7.280000e+02  7.280000e+02  7.280000e+02  7.280000e+02  7.280000e+02  7.280000e+02
mean   2.351294e-15  2.171645e-16  5.642617e-17  1.881889e-16  3.984908e-16 -6.008625e-16 -1.058372e-16 -7.991166e-17
std    1.000688e+00  1.000688e+00  1.000688e+00  1.000688e+00  1.000688e+00  1.000688e+00  1.000688e+00  1.000688e+00
min   -1.441482e+00 -1.698980e+00 -2.023010e+00 -1.237678e+00 -1.080874e+00 -1.787237e+00 -2.193698e+00 -1.577333e+00
25%   -9.454464e-01 -8.717889e-01 -6.788782e-01 -8.669560e-01 -8.219434e-01 -9.179877e-01 -9.066955e-01 -9.149448e-01
50%   -9.509946e-02 -2.513956e-01  8.043016e-01 -3.174146e-01 -3.606905e-01 -1.420065e-01  3.091269e-01 -2.632618e-01
75%    9.678342e-01  9.893909e-01  8.043016e-01  8.350960e-01  5.614997e-01  9.341037e-01  8.721425e-01  1.151872e+00
max    2.030768e+00  2.643773e+00  8.043016e-01  2.927497e+00  3.136097e+00  2.126590e+00  1.463050e+00  1.372486e+00
              pos_x         pos_y         pos_z           x_y         x_y_z             r         tetha           phi
count  8.040000e+02  8.040000e+02  8.040000e+02  8.040000e+02  8.040000e+02  8.040000e+02  8.040000e+02  8.040000e+02
mean   4.358592e-15 -1.005277e-16  5.631206e-16 -1.314592e-16  1.695714e-16  7.567192e-17 -4.115006e-17 -3.216056e-16
std    1.000622e+00  1.000622e+00  1.000622e+00  1.000622e+00  1.000622e+00  1.000622e+00  1.000622e+00  1.000622e+00
min   -1.560951e+00 -1.739304e+00 -9.739950e-01 -1.564849e+00 -1.208030e+00 -2.188706e+00 -2.095628e+00 -1.801458e+00
25%   -9.540825e-01 -8.770519e-01 -9.739950e-01 -9.174930e-01 -7.617547e-01 -7.416524e-01 -8.660087e-01 -9.763800e-01
50%   -1.449239e-01  2.438758e-01  4.843705e-01 -3.742721e-02 -2.737906e-01 -8.629994e-02  2.029347e-02  1.633423e-01
75%    1.001384e+00  5.025514e-01  4.843705e-01  7.495547e-01  5.563280e-01  8.279425e-01  9.371371e-01  1.033496e+00
max    1.877973e+00  1.882155e+00  2.093601e+00  2.996261e+00  5.283245e+00  2.145610e+00  1.589661e+00  1.193358e+00
              pos_x         pos_y         pos_z           x_y         x_y_z             r         tetha           phi
count  7.290000e+02  7.290000e+02  7.290000e+02  7.290000e+02  7.290000e+02  7.290000e+02  7.290000e+02  7.290000e+02
mean  -1.379783e-16  3.216449e-16  1.674320e-15  6.274511e-17  1.894537e-16  6.981155e-16  3.122026e-17  3.603275e-16
std    1.000687e+00  1.000687e+00  1.000687e+00  1.000687e+00  1.000687e+00  1.000687e+00  1.000687e+00  1.000687e+00
min   -2.050661e+00 -1.887515e+00 -2.452424e+00 -1.890535e+00 -1.692433e+00 -2.637092e+00 -2.151653e+00 -1.857622e+00
25%   -7.945564e-01 -6.731948e-01 -8.243285e-01 -7.096068e-01 -7.278021e-01 -6.216344e-01 -8.026880e-01 -8.560534e-01
50%    1.265868e-01  1.941771e-01 -8.243285e-01  2.683942e-02 -1.511790e-01  1.257737e-01  9.563100e-02 -1.975847e-02
75%    7.965092e-01  7.146002e-01  9.721902e-01  6.630592e-01  6.895052e-01  7.544234e-01  8.346139e-01  9.518248e-01
max    2.136354e+00  1.755446e+00  9.721902e-01  2.833179e+00  3.017554e+00  2.491650e+00  1.714743e+00  1.459514e+00
              pos_x         pos_y         pos_z           x_y         x_y_z             r         tetha           phi
count  5.610000e+02  5.610000e+02  5.610000e+02  5.610000e+02  5.610000e+02  5.610000e+02  5.610000e+02  5.610000e+02
mean   8.189132e-16 -2.204614e-16 -1.050853e-15 -2.770610e-17  2.612289e-17  1.848393e-16  7.916029e-19  1.092412e-16
std    1.000892e+00  1.000892e+00  1.000892e+00  1.000892e+00  1.000892e+00  1.000892e+00  1.000892e+00  1.000892e+00
min   -1.511473e+00 -2.408029e+00 -6.833206e-01 -1.227034e+00 -9.800826e-01 -1.703268e+00 -2.679526e+00 -1.422786e+00
25%   -9.447128e-01 -8.979157e-01 -6.833206e-01 -8.418020e-01 -6.374529e-01 -9.283353e-01 -7.994847e-01 -8.669880e-01
50%   -1.260590e-01 -2.507242e-01 -6.833206e-01 -3.241458e-01 -1.890733e-01 -1.715391e-01  4.228609e-01 -3.704841e-01
75%    9.444883e-01  8.279283e-01  7.649523e-01  7.593206e-01  2.889163e-01  9.432903e-01  8.018039e-01  1.105417e+00
max    1.700169e+00  2.985233e+00  2.363047e+00  2.866061e+00  7.121206e+00  1.901967e+00  1.275294e+00  1.537056e+00
              pos_x         pos_y         pos_z           x_y         x_y_z             r         tetha           phi
count  3.360000e+02  3.360000e+02  3.360000e+02  3.360000e+02  3.360000e+02  3.360000e+02  3.360000e+02  3.360000e+02
mean  -6.583689e-17  5.947623e-17 -1.176308e-16 -2.048626e-17  5.617200e-17 -8.723181e-17  3.469447e-16  6.188833e-16
std    1.001491e+00  1.001491e+00  1.001491e+00  1.001491e+00  1.001491e+00  1.001491e+00  1.001491e+00  1.001491e+00
min   -1.574232e+00 -1.782484e+00 -1.636745e+00 -1.171284e+00 -1.155369e+00 -1.858600e+00 -1.785215e+00 -3.577491e+00
25%   -7.224735e-01 -7.508887e-01 -2.117591e-01 -7.334320e-01 -8.246455e-01 -7.039200e-01 -7.457407e-01 -3.270914e-01
50%   -8.365483e-02 -3.087767e-01 -2.117591e-01 -2.268979e-01 -2.161960e-01 -1.965840e-01 -1.968261e-01  4.700575e-01
75%    3.422243e-01  7.228181e-01  1.360640e+00  3.740748e-01  5.655591e-01  6.002947e-01  7.064873e-01  7.064359e-01
max    4.388076e+00  2.196525e+00  1.360640e+00  5.124621e+00  4.714464e+00  2.593747e+00  2.751072e+00  7.248902e-01
              pos_x         pos_y         pos_z           x_y         x_y_z             r         tetha           phi
count  3.380000e+02  3.380000e+02  3.380000e+02  3.380000e+02  3.380000e+02  3.380000e+02  3.380000e+02  3.380000e+02
mean   1.026464e-18  1.195625e-16 -1.053726e-15  1.596356e-16  5.124106e-17 -2.220446e-16  1.491246e-16  9.082150e-16
std    1.001483e+00  1.001483e+00  1.001483e+00  1.001483e+00  1.001483e+00  1.001483e+00  1.001483e+00  1.001483e+00
min   -1.484054e+00 -1.814095e+00 -1.619113e+00 -1.145698e+00 -1.131917e+00 -1.846820e+00 -1.796782e+00 -3.626865e+00
25%   -6.999817e-01 -7.615818e-01 -2.010872e-01 -7.179232e-01 -8.123151e-01 -7.059079e-01 -7.277258e-01 -2.998660e-01
50%   -1.119275e-01 -3.105047e-01 -2.010872e-01 -2.243368e-01 -2.530119e-01 -1.845008e-01 -2.065752e-01  4.635987e-01
75%    4.271222e-01  7.420084e-01  1.363631e+00  3.432875e-01  5.333768e-01  5.596699e-01  6.842148e-01  7.089856e-01
max    6.160651e+00  2.245599e+00  1.363631e+00  4.887024e+00  4.521858e+00  3.559881e+00  2.744696e+00  7.292046e-01
              pos_x         pos_y         pos_z           x_y         x_y_z             r         tetha           phi
count  1.117000e+03  1.117000e+03  1.117000e+03  1.117000e+03  1.117000e+03  1.117000e+03  1.117000e+03  1.117000e+03
mean   3.556292e-16 -8.273497e-16 -1.021303e-15  6.599714e-17 -6.969457e-16 -4.417038e-16 -3.676309e-16 -1.849026e-16
std    1.000448e+00  1.000448e+00  1.000448e+00  1.000448e+00  1.000448e+00  1.000448e+00  1.000448e+00  1.000448e+00
min   -2.626302e+00 -1.603527e+00 -1.352073e+00 -1.898573e+00 -1.415138e+00 -3.026755e+00 -3.480113e+00 -1.604742e+00
25%   -6.198691e-01 -9.599844e-01 -1.352073e+00 -7.272895e-01 -8.676156e-01 -6.608836e-01 -4.926363e-01 -8.242492e-01
50%    2.524930e-01  1.662149e-01  2.955794e-02 -8.569449e-02 -1.959023e-01  1.095618e-01  2.388241e-01 -1.854724e-01
75%    7.759103e-01  8.097573e-01  2.955794e-02  5.857421e-01  7.195551e-01  7.115346e-01  7.677176e-01  6.412547e-01
max    1.735509e+00  1.775071e+00  1.554117e+00  3.185694e+00  2.883364e+00  2.154907e+00  1.434069e+00  2.078688e+00
              pos_x         pos_y         pos_z           x_y         x_y_z             r         tetha           phi
count  1.094000e+03  1.094000e+03  1.094000e+03  1.094000e+03  1.094000e+03  1.094000e+03  1.094000e+03  1.094000e+03
mean   7.976557e-17 -2.742068e-16  2.731083e-15  1.993124e-16 -5.317704e-17  3.176415e-16  6.726287e-16 -7.243707e-16
std    1.000457e+00  1.000457e+00  1.000457e+00  1.000457e+00  1.000457e+00  1.000457e+00  1.000457e+00  1.000457e+00
min   -2.707550e+00 -1.612628e+00 -1.359015e+00 -1.934164e+00 -1.437948e+00 -3.074612e+00 -3.583044e+00 -1.608434e+00
25%   -6.618673e-01 -9.659808e-01 -1.359015e+00 -7.174668e-01 -8.687516e-01 -6.485897e-01 -4.845012e-01 -8.165754e-01
50%    2.275601e-01  1.656516e-01  2.158410e-02 -7.532103e-02 -1.834975e-01  1.113085e-01  2.290250e-01 -2.062330e-01
75%    7.612165e-01  8.122987e-01  2.158410e-02  5.856010e-01  7.257473e-01  7.103594e-01  7.725737e-01  6.220350e-01
max    1.739587e+00  1.782269e+00  1.545004e+00  3.184226e+00  2.864684e+00  2.161758e+00  1.444023e+00  2.128635e+00
              pos_x         pos_y         pos_z           x_y         x_y_z             r         tetha           phi
count  1.199000e+03  1.199000e+03  1.199000e+03  1.199000e+03  1.199000e+03  1.199000e+03  1.199000e+03  1.199000e+03
mean   1.513015e-16 -6.427997e-16 -1.070824e-15 -3.355670e-16  6.074281e-17 -3.837168e-16  5.092766e-16  1.766727e-16
std    1.000417e+00  1.000417e+00  1.000417e+00  1.000417e+00  1.000417e+00  1.000417e+00  1.000417e+00  1.000417e+00
min   -1.570130e+00 -2.727218e+00 -1.507300e+00 -1.463287e+00 -1.228233e+00 -2.390569e+00 -2.407428e+00 -1.934466e+00
25%   -1.016490e+00 -8.881099e-01 -1.071149e-01 -9.493846e-01 -8.222419e-01 -7.849074e-01 -8.265560e-01 -8.914438e-01
50%    9.079201e-02  1.150401e-01 -1.071149e-01 -1.142259e-02 -2.859701e-01  8.024495e-02  1.535893e-01 -3.237044e-02
75%    9.212532e-01  6.166152e-01  1.437917e+00  6.857599e-01  6.586339e-01  7.994453e-01  8.554827e-01  1.060289e+00
max    1.890125e+00  1.786957e+00  1.437917e+00  3.262460e+00  3.384475e+00  2.051680e+00  1.682968e+00  1.292894e+00
              pos_x         pos_y         pos_z           x_y         x_y_z             r         tetha           phi
count  1.191000e+03  1.191000e+03  1.191000e+03  1.191000e+03  1.191000e+03  1.191000e+03  1.191000e+03  1.191000e+03
mean  -6.916755e-16 -1.201204e-15  2.195440e-15 -5.481202e-17  4.191069e-16  2.955002e-16  6.245587e-18  3.233723e-16
std    1.000420e+00  1.000420e+00  1.000420e+00  1.000420e+00  1.000420e+00  1.000420e+00  1.000420e+00  1.000420e+00
min   -1.565090e+00 -2.725819e+00 -1.511048e+00 -1.455431e+00 -1.222285e+00 -2.388174e+00 -2.401636e+00 -1.949777e+00
25%   -1.009743e+00 -8.920430e-01 -9.798453e-02 -9.503590e-01 -8.186276e-01 -7.834826e-01 -8.262873e-01 -8.920996e-01
50%    1.009510e-01  1.081985e-01 -9.798453e-02 -2.618432e-02 -2.918067e-01  8.213270e-02  1.404544e-01 -9.243749e-03
75%    8.645532e-01  7.750262e-01 -9.798453e-02  6.776929e-01  6.580966e-01  8.058964e-01  8.613273e-01  1.058623e+00
max    1.905829e+00  1.775268e+00  1.461258e+00  3.254994e+00  3.392082e+00  2.065402e+00  1.698019e+00  1.282334e+00
              pos_x         pos_y         pos_z           x_y         x_y_z             r         tetha           phi
count  1.030000e+02  1.030000e+02  1.030000e+02  1.030000e+02  1.030000e+02  1.030000e+02  1.030000e+02  1.030000e+02
mean   1.185675e-17  1.034771e-16  7.308070e-16  4.095968e-17 -2.651601e-16  2.221524e-15  3.255217e-16  5.745135e-16
std    1.004890e+00  1.004890e+00  1.004890e+00  1.004890e+00  1.004890e+00  1.004890e+00  1.004890e+00  1.004890e+00
min   -3.998556e+00 -1.624525e+00 -9.880251e-01 -1.993060e+00 -1.256628e+00 -3.842883e+00 -2.132276e+00 -1.946191e+00
25%   -4.732195e-01 -9.319501e-01 -9.880251e-01 -9.110952e-01 -9.934974e-01 -3.474889e-01 -8.030391e-01 -9.405647e-01
50%    2.931580e-01  3.146844e-01  9.283587e-01  2.999250e-01  3.514974e-01  3.190521e-01 -2.484748e-01  2.581766e-01
75%    7.529845e-01  8.687442e-01  9.283587e-01  8.476602e-01  9.627680e-01  6.468389e-01  9.384031e-01  8.073866e-01
max    1.519362e+00  1.284289e+00  3.042989e+00  1.680518e+00  1.684595e+00  1.396688e+00  1.936033e+00  2.080194e+00
              pos_x         pos_y         pos_z           x_y         x_y_z             r         tetha           phi
count  1.490000e+02  1.490000e+02  1.490000e+02  1.490000e+02  1.490000e+02  1.490000e+02  1.490000e+02  1.490000e+02
mean   3.248706e-16 -2.362018e-16  1.578901e-15  2.965562e-16  1.967107e-16  1.028260e-16  4.023627e-16 -2.011814e-16
std    1.003373e+00  1.003373e+00  1.003373e+00  1.003373e+00  1.003373e+00  1.003373e+00  1.003373e+00  1.003373e+00
min   -2.212358e+00 -5.496375e+00 -3.701740e+00 -2.127741e+00 -2.023819e+00 -1.845932e+00 -3.010427e+00 -2.909334e+00
25%   -8.356259e-01 -6.484095e-01 -6.398277e-02 -8.429801e-01 -8.310103e-01 -8.218749e-01 -7.854426e-01 -8.807552e-01
50%   -2.333054e-01  4.415692e-02 -6.398277e-02 -2.243917e-01 -2.281929e-01 -2.986865e-01 -3.149405e-02  1.463106e-01
75%    9.713357e-01  7.367234e-01 -6.398277e-02  7.986583e-01  8.107052e-01  9.364275e-01  8.675695e-01  8.716838e-01
max    1.659702e+00  1.083007e+00  3.950094e+00  2.154794e+00  2.242834e+00  1.926265e+00  2.565327e+00  1.611856e+00
              pos_x         pos_y         pos_z           x_y         x_y_z             r         tetha           phi
count  3.020000e+02  3.020000e+02  3.020000e+02  3.020000e+02  3.020000e+02  3.020000e+02  3.020000e+02  3.020000e+02
mean  -6.892941e-17 -9.337637e-17  4.529122e-16 -1.764593e-17 -1.514609e-16  7.940668e-17 -1.294035e-16 -5.514353e-17
std    1.001660e+00  1.001660e+00  1.001660e+00  1.001660e+00  1.001660e+00  1.001660e+00  1.001660e+00  1.001660e+00
min   -1.295596e+00 -1.870579e+00 -1.604796e+00 -1.288919e+00 -1.197914e+00 -1.944959e+00 -1.783207e+00 -3.234316e+00
25%   -7.092771e-01 -7.326209e-01 -1.583822e-01 -7.624812e-01 -8.399901e-01 -6.880657e-01 -7.124361e-01 -2.847184e-01
50%   -1.229586e-01 -2.449247e-01 -1.583822e-01 -1.348053e-01 -2.135883e-01 -1.564432e-01 -1.644133e-01  4.793820e-01
75%    2.679204e-01  5.679023e-01  1.437661e+00  5.198675e-01  6.582121e-01  6.391679e-01  6.655900e-01  7.200302e-01
max    4.763029e+00  2.518687e+00  1.437661e+00  7.080094e+00  6.252811e+00  3.201704e+00  2.642067e+00  7.460991e-01
              pos_x         pos_y         pos_z           x_y         x_y_z             r         tetha           phi
count  6.300000e+02  6.300000e+02  6.300000e+02  6.300000e+02  6.300000e+02  6.300000e+02  6.300000e+02  6.300000e+02
mean   5.420708e-16  2.935923e-16 -1.450504e-16  1.360464e-16  2.981742e-16  4.828589e-16 -1.274554e-15 -4.740476e-17
std    1.000795e+00  1.000795e+00  1.000795e+00  1.000795e+00  1.000795e+00  1.000795e+00  1.000795e+00  1.000795e+00
min   -4.645083e+00 -1.593043e+00 -1.455754e+00 -2.324682e+00 -1.683979e+00 -4.486141e+00 -3.834664e+00 -1.773269e+00
25%   -6.251156e-01 -9.389011e-01 -1.067791e-02 -7.509457e-01 -8.705029e-01 -5.823089e-01 -6.747553e-01 -8.199374e-01
50%    4.487900e-02  4.231155e-02 -1.067791e-02 -1.402419e-01 -1.014061e-01  3.751706e-02  7.091831e-02 -5.523417e-02
75%    7.148736e-01  8.599887e-01 -1.067791e-02  6.339034e-01  7.481505e-01  6.564604e-01  8.289894e-01  6.848378e-01
max    1.920864e+00  1.841201e+00  1.583889e+00  2.975913e+00  2.585719e+00  2.240618e+00  1.734225e+00  3.442981e+00
              pos_x         pos_y         pos_z           x_y         x_y_z             r         tetha           phi
count  1.940000e+02  1.940000e+02  1.940000e+02  1.940000e+02  1.940000e+02  1.940000e+02  1.940000e+02  1.940000e+02
mean  -1.238986e-16  2.540923e-16  2.724052e-16 -5.722799e-17 -2.804172e-16  7.954691e-17  3.261995e-16 -1.917138e-16
std    1.002587e+00  1.002587e+00  1.002587e+00  1.002587e+00  1.002587e+00  1.002587e+00  1.002587e+00  1.002587e+00
min   -1.740487e+00 -8.395738e-01 -4.559962e-01 -1.297991e+00 -1.324009e+00 -1.547166e+00 -2.793798e+00 -1.233589e+00
25%   -9.153294e-01 -4.660020e-01 -4.559962e-01 -6.247533e-01 -7.561295e-01 -7.900783e-01 -4.723921e-01 -8.034485e-01
50%   -9.017186e-02 -2.792161e-01 -4.559962e-01 -2.492940e-01 -2.409813e-01 -1.819647e-01  3.928373e-01 -3.522498e-01
75%    8.175015e-01 -9.243015e-02 -4.559962e-01  3.268418e-01  5.276847e-01  7.677162e-01  7.455601e-01  6.589017e-01
max    2.220269e+00  4.016860e+00  4.277564e+00  4.528101e+00  3.531364e+00  2.467289e+00  1.101733e+00  1.965930e+00
              pos_x         pos_y         pos_z           x_y         x_y_z             r         tetha           phi
count  2.500000e+02  2.500000e+02  2.500000e+02  2.500000e+02  2.500000e+02  2.500000e+02  2.500000e+02  2.500000e+02
mean   4.529710e-16 -1.172396e-16 -8.544276e-16 -6.394885e-17 -6.394885e-17 -3.872458e-16  1.128875e-15 -8.526513e-17
std    1.002006e+00  1.002006e+00  1.002006e+00  1.002006e+00  1.002006e+00  1.002006e+00  1.002006e+00  1.002006e+00
min   -3.888994e+00 -1.287686e+00 -5.154482e-01 -1.740839e+00 -8.395664e-01 -3.691309e+00 -2.456232e+00 -1.766988e+00
25%   -6.264152e-01 -9.273930e-01 -5.154482e-01 -7.664803e-01 -6.069211e-01 -5.482422e-01 -8.039015e-01 -8.491633e-01
50%    1.150801e-01 -2.666165e-02 -5.154482e-01 -9.649302e-02 -4.299916e-01  1.510415e-01  1.202328e-01 -1.239759e-01
75%    7.082763e-01  8.290332e-01 -5.154482e-01  6.421634e-01 -1.616201e-01  6.902177e-01  8.463851e-01  8.097701e-01
max    1.598071e+00  2.495386e+00  2.700831e+00  2.936081e+00  2.866427e+00  1.868184e+00  1.762737e+00  2.423625e+00
