              pos_x         pos_y         pos_z           x_y         x_y_z             r         tetha           phi
count  5.680000e+02  5.680000e+02  5.680000e+02  5.680000e+02  5.680000e+02  5.680000e+02  5.680000e+02  5.680000e+02
mean  -1.125860e-16  1.000764e-16  5.379109e-16 -2.501911e-17 -2.001529e-16 -4.253249e-16 -2.752102e-16  5.629300e-17
std    1.000881e+00  1.000881e+00  1.000881e+00  1.000881e+00  1.000881e+00  1.000881e+00  1.000881e+00  1.000881e+00
min   -1.538766e+00 -1.968199e+00 -1.643029e+00 -1.342627e+00 -1.245348e+00 -2.025926e+00 -2.103749e+00 -1.616522e+00
25%   -9.231978e-01 -8.282779e-01 -1.071358e-01 -8.194297e-01 -8.981354e-01 -8.890852e-01 -8.692215e-01 -9.968756e-01
50%   -1.317527e-01 -3.397402e-01 -1.071358e-01 -2.907253e-01 -2.520715e-01  5.292475e-02  1.300248e-01 -9.917728e-03
75%    7.476307e-01  8.001813e-01 -1.071358e-01  7.790749e-01  7.087043e-01  7.675812e-01  9.435915e-01  1.016010e+00
max    2.066706e+00  2.428640e+00  1.587643e+00  3.278029e+00  2.894714e+00  2.233647e+00  1.557918e+00  1.329065e+00
              pos_x         pos_y       pos_z           x_y         x_y_z             r         tetha           phi
count  5.050000e+02  5.050000e+02  505.000000  5.050000e+02  5.050000e+02  5.050000e+02  5.050000e+02  5.050000e+02
mean  -1.969821e-16 -5.628061e-17    0.000000  8.442092e-17 -1.125612e-16  2.954732e-16  1.224103e-15 -1.125612e-16
std    1.000992e+00  1.000992e+00    1.000992  1.000992e+00  1.000992e+00  1.000992e+00  1.000992e+00  1.000992e+00
min   -3.878953e+00 -1.400726e+00   -0.794318 -1.877042e+00 -1.092722e+00 -3.612314e+00 -3.377859e+00 -1.888780e+00
25%   -4.349002e-01 -8.575727e-01   -0.794318 -7.313054e-01 -7.555333e-01 -4.061036e-01 -6.958722e-01 -7.823401e-01
50%    9.495409e-02 -1.333683e-01   -0.794318 -6.579480e-02 -4.691905e-01  1.184220e-01  7.290862e-02 -7.577135e-02
75%    6.248084e-01  7.718871e-01    0.603350  5.467775e-01  5.777002e-01  6.120678e-01  7.754073e-01  6.983123e-01
max    1.684517e+00  2.401347e+00    2.145603  3.004629e+00  2.821343e+00  1.904311e+00  1.871235e+00  3.258421e+00
            pos_x         pos_y         pos_z           x_y         x_y_z             r         tetha           phi
count  183.000000  1.830000e+02  1.830000e+02  1.830000e+02  1.830000e+02  1.830000e+02  1.830000e+02  1.830000e+02
mean     0.000000  1.164824e-16  6.212396e-16  7.765494e-17  1.941374e-16  5.047571e-16 -1.494858e-15 -5.241709e-16
std      1.002743  1.002743e+00  1.002743e+00  1.002743e+00  1.002743e+00  1.002743e+00  1.002743e+00  1.002743e+00
min     -3.563583 -9.368795e-01 -1.719115e+00 -1.615453e+00 -1.363499e+00 -3.004942e+00 -4.788037e+00 -1.357507e+00
25%     -0.655430 -7.094936e-01 -3.172491e-01 -7.764718e-01 -7.494760e-01 -7.748942e-01 -4.366433e-01 -7.029458e-01
50%      0.266668 -4.821077e-01 -3.172491e-01 -3.686698e-01 -9.179679e-02  1.598248e-01  2.615168e-01 -3.005062e-01
75%      0.692251  6.548216e-01  1.229638e+00  6.495367e-01  4.879007e-01  7.971724e-01  7.115939e-01  5.234777e-01
max      1.685279  3.383452e+00  1.229638e+00  3.111934e+00  3.681985e+00  1.873955e+00  1.351416e+00  5.020726e+00
       pos_x  pos_y  pos_z  x_y  x_y_z    r  tetha  phi
count    1.0    1.0    1.0  1.0    1.0  1.0    1.0  1.0
mean     0.0    0.0    0.0  0.0    0.0  0.0    0.0  0.0
std      NaN    NaN    NaN  NaN    NaN  NaN    NaN  NaN
min      0.0    0.0    0.0  0.0    0.0  0.0    0.0  0.0
25%      0.0    0.0    0.0  0.0    0.0  0.0    0.0  0.0
50%      0.0    0.0    0.0  0.0    0.0  0.0    0.0  0.0
75%      0.0    0.0    0.0  0.0    0.0  0.0    0.0  0.0
max      0.0    0.0    0.0  0.0    0.0  0.0    0.0  0.0
              pos_x         pos_y         pos_z           x_y         x_y_z             r         tetha           phi
count  4.770000e+02  4.770000e+02  4.770000e+02  4.770000e+02  4.770000e+02  4.770000e+02  4.770000e+02  4.770000e+02
mean  -2.979215e-17 -8.937644e-17  3.575058e-16 -1.191686e-16  5.958430e-17 -4.170901e-16 -2.681293e-16 -2.085450e-16
std    1.001050e+00  1.001050e+00  1.001050e+00  1.001050e+00  1.001050e+00  1.001050e+00  1.001050e+00  1.001050e+00
min   -2.379933e+00 -1.895100e+00 -1.033931e+00 -2.340524e+00 -1.449122e+00 -2.948863e+00 -2.842246e+00 -1.803957e+00
25%   -6.994968e-01 -7.189405e-01 -1.033931e+00 -7.013587e-01 -8.163788e-01 -7.635913e-01 -7.555301e-01 -9.381771e-01
50%   -4.599377e-02  1.211737e-01  8.969945e-01 -1.290943e-02 -3.101841e-01  1.588150e-02  2.728371e-02  7.144214e-02
75%    7.942244e-01  7.932651e-01  8.969945e-01  7.411064e-01  7.142576e-01  7.070272e-01  9.089886e-01  8.646057e-01
max    2.101230e+00  1.633379e+00  3.027671e+00  2.587899e+00  3.269336e+00  2.185267e+00  1.667855e+00  1.686875e+00
              pos_x         pos_y         pos_z         x_y         x_y_z           r         tetha           phi
count  4.650000e+02  4.650000e+02  4.650000e+02  465.000000  4.650000e+02  465.000000  4.650000e+02  4.650000e+02
mean  -1.222439e-16  1.528049e-16  9.168293e-16    0.000000 -1.222439e-16    0.000000  6.723415e-16 -9.168293e-17
std    1.001077e+00  1.001077e+00  1.001077e+00    1.001077  1.001077e+00    1.001077  1.001077e+00  1.001077e+00
min   -1.521497e+00 -1.683874e+00 -3.354484e+00   -1.232489 -1.152629e+00   -1.874314 -2.401245e+00 -1.499042e+00
25%   -1.003402e+00 -8.267295e-01  4.868538e-01   -0.836167 -8.470325e-01   -0.903198 -8.789149e-01 -8.451597e-01
50%   -4.122479e-02 -1.838713e-01  4.868538e-01   -0.348387 -3.605917e-01   -0.143154  3.623481e-01 -3.764949e-01
75%    9.949659e-01  8.875591e-01  4.868538e-01    0.836224  7.537999e-01    0.974876  7.965418e-01  1.176446e+00
max    1.735102e+00  1.744703e+00  4.868538e-01    2.587008  2.734940e+00    1.849836  1.429316e+00  1.475755e+00
              pos_x         pos_y         pos_z           x_y         x_y_z             r         tetha           phi
count  9.430000e+02  9.430000e+02  9.430000e+02  9.430000e+02  9.430000e+02  9.430000e+02  9.430000e+02  9.430000e+02
mean  -1.054888e-16 -1.205587e-16  2.411174e-16  1.808380e-16  1.205587e-16  2.109777e-16  2.147452e-16  3.089316e-16
std    1.000531e+00  1.000531e+00  1.000531e+00  1.000531e+00  1.000531e+00  1.000531e+00  1.000531e+00  1.000531e+00
min   -2.929174e+00 -1.509594e+00 -1.021412e+00 -1.886499e+00 -1.278589e+00 -2.961046e+00 -4.066026e+00 -1.634375e+00
25%   -4.334686e-01 -1.002693e+00 -1.021412e+00 -7.103693e-01 -8.650950e-01 -4.714091e-01 -3.958809e-01 -7.819905e-01
50%    1.904578e-01  1.110918e-02  2.905298e-01 -7.462354e-02 -2.221778e-01  1.893059e-01  1.938716e-01 -1.572731e-01
75%    7.252518e-01  6.869774e-01  2.905298e-01  6.017394e-01  7.815911e-01  6.624548e-01  7.183937e-01  5.351783e-01
max    1.616575e+00  2.038714e+00  1.738190e+00  2.959297e+00  2.695226e+00  1.863083e+00  1.422009e+00  2.575282e+00
              pos_x         pos_y         pos_z           x_y         x_y_z             r         tetha           phi
count  1.084000e+03  1.084000e+03  1.084000e+03  1.084000e+03  1.084000e+03  1.084000e+03  1.084000e+03  1.084000e+03
mean  -1.278190e-16  3.932893e-17 -1.048772e-16 -6.554822e-17 -1.573157e-16 -4.981665e-16 -2.163091e-16  1.310964e-17
std    1.000462e+00  1.000462e+00  1.000462e+00  1.000462e+00  1.000462e+00  1.000462e+00  1.000462e+00  1.000462e+00
min   -2.311096e+00 -1.485650e+00 -1.459469e+00 -1.644391e+00 -1.345144e+00 -2.479039e+00 -3.269219e+00 -1.567460e+00
25%   -5.806402e-01 -9.761771e-01 -2.267357e-01 -7.923492e-01 -8.579651e-01 -6.836262e-01 -4.974238e-01 -7.931504e-01
50%    2.845877e-01  4.276944e-02 -2.267357e-01 -5.493911e-02 -2.444855e-01  2.019739e-01  2.241339e-01 -1.963346e-01
75%    7.565302e-01  7.220672e-01  1.133522e+00  6.311431e-01  7.524344e-01  7.317488e-01  7.714606e-01  5.632862e-01
max    1.621758e+00  2.080663e+00  1.133522e+00  3.026443e+00  2.845979e+00  1.961095e+00  1.485632e+00  2.086787e+00
              pos_x         pos_y         pos_z         x_y       x_y_z             r         tetha           phi
count  5.540000e+02  5.540000e+02  5.540000e+02  554.000000  554.000000  5.540000e+02  5.540000e+02  5.540000e+02
mean   5.130272e-17  2.565136e-16 -2.565136e-16    0.000000    0.000000  1.026054e-16 -1.026054e-16  4.617245e-16
std    1.000904e+00  1.000904e+00  1.000904e+00    1.000904    1.000904  1.000904e+00  1.000904e+00  1.000904e+00
min   -1.398151e+00 -1.709603e+00 -2.874293e+00   -1.383914   -1.219734 -1.863404e+00 -2.053663e+00 -1.974451e+00
25%   -8.880343e-01 -8.003094e-01 -1.173807e+00   -0.917816   -0.818966 -8.279539e-01 -9.043178e-01 -9.648497e-01
50%   -2.686070e-01  1.089839e-01  7.025909e-01   -0.102698   -0.312535 -3.895123e-02  1.972168e-02  2.409909e-01
75%    1.006684e+00  6.545599e-01  7.025909e-01    0.763227    0.680112  8.419253e-01  9.268059e-01  9.927404e-01
max    2.245539e+00  2.109429e+00  7.025909e-01    3.409600    2.906872  2.420709e+00  1.752639e+00  1.093296e+00
              pos_x         pos_y         pos_z           x_y         x_y_z             r         tetha           phi
count  4.660000e+02  4.660000e+02  4.660000e+02  4.660000e+02  4.660000e+02  4.660000e+02  4.660000e+02  4.660000e+02
mean   1.219816e-16 -9.148619e-17  2.744586e-16 -6.099079e-17 -6.099079e-17  2.439632e-16 -3.049540e-17  1.143577e-16
std    1.001075e+00  1.001075e+00  1.001075e+00  1.001075e+00  1.001075e+00  1.001075e+00  1.001075e+00  1.001075e+00
min   -1.065515e+00 -2.126709e+00 -2.675932e+00 -1.002571e+00 -9.037565e-01 -1.711954e+00 -1.867537e+00 -2.035803e+00
25%   -7.279119e-01 -8.507618e-01 -1.085670e+00 -7.155299e-01 -7.098244e-01 -7.551883e-01 -8.642120e-01 -8.392269e-01
50%   -3.903086e-01 -3.039273e-01  6.691006e-01 -3.498074e-01 -3.951704e-01 -1.943441e-01 -1.556013e-01  4.933083e-01
75%    6.225014e-01  9.720198e-01  6.691006e-01  3.903800e-01  3.590431e-01  5.559031e-01  8.806044e-01  8.915014e-01
max    2.394919e+00  2.430245e+00  6.691006e-01  3.770764e+00  3.748521e+00  2.512469e+00  1.799110e+00  9.261098e-01
            pos_x         pos_y         pos_z           x_y         x_y_z             r         tetha           phi
count  728.000000  7.280000e+02  7.280000e+02  7.280000e+02  7.280000e+02  7.280000e+02  7.280000e+02  7.280000e+02
mean     0.000000 -7.808162e-17 -1.561632e-16  3.904081e-17  3.904081e-17 -1.561632e-16  1.952040e-17 -1.171224e-16
std      1.000688  1.000688e+00  1.000688e+00  1.000688e+00  1.000688e+00  1.000688e+00  1.000688e+00  1.000688e+00
min     -1.441482 -1.698980e+00 -2.023010e+00 -1.237678e+00 -1.080874e+00 -1.787237e+00 -2.193698e+00 -1.577333e+00
25%     -0.945446 -8.717889e-01 -6.788782e-01 -8.669560e-01 -8.219434e-01 -9.179877e-01 -9.066955e-01 -9.149448e-01
50%     -0.095099 -2.513956e-01  8.043016e-01 -3.174146e-01 -3.606905e-01 -1.420065e-01  3.091269e-01 -2.632618e-01
75%      0.967834  9.893909e-01  8.043016e-01  8.350960e-01  5.614997e-01  9.341037e-01  8.721425e-01  1.151872e+00
max      2.030768  2.643773e+00  8.043016e-01  2.927497e+00  3.136097e+00  2.126590e+00  1.463050e+00  1.372486e+00
            pos_x         pos_y         pos_z         x_y         x_y_z             r         tetha           phi
count  804.000000  8.040000e+02  8.040000e+02  804.000000  8.040000e+02  8.040000e+02  8.040000e+02  8.040000e+02
mean     0.000000 -1.148888e-16  2.032647e-16    0.000000  3.535038e-17 -1.767519e-16 -3.535038e-17  3.535038e-17
std      1.000622  1.000622e+00  1.000622e+00    1.000622  1.000622e+00  1.000622e+00  1.000622e+00  1.000622e+00
min     -1.560951 -1.739304e+00 -9.739950e-01   -1.564849 -1.208030e+00 -2.188706e+00 -2.095628e+00 -1.801458e+00
25%     -0.954083 -8.770519e-01 -9.739950e-01   -0.917493 -7.617547e-01 -7.416524e-01 -8.660087e-01 -9.763800e-01
50%     -0.144924  2.438758e-01  4.843705e-01   -0.037427 -2.737906e-01 -8.629994e-02  2.029347e-02  1.633423e-01
75%      1.001384  5.025514e-01  4.843705e-01    0.749555  5.563280e-01  8.279425e-01  9.371371e-01  1.033496e+00
max      1.877973  1.882155e+00  2.093601e+00    2.996261  5.283245e+00  2.145610e+00  1.589661e+00  1.193358e+00
          pos_x  pos_y  pos_z       x_y         x_y_z             r     tetha       phi
count  2.000000    2.0    2.0  2.000000  2.000000e+00  2.000000e+00  2.000000  2.000000
mean   0.000000    0.0    0.0  0.000000 -3.719247e-15 -4.107825e-15  0.000000  0.000000
std    1.414214    0.0    0.0  1.414214  1.414214e+00  1.414214e+00  1.414214  1.414214
min   -1.000000    0.0    0.0 -1.000000 -1.000000e+00 -1.000000e+00 -1.000000 -1.000000
25%   -0.500000    0.0    0.0 -0.500000 -5.000000e-01 -5.000000e-01 -0.500000 -0.500000
50%    0.000000    0.0    0.0  0.000000 -3.719247e-15 -4.107825e-15  0.000000  0.000000
75%    0.500000    0.0    0.0  0.500000  5.000000e-01  5.000000e-01  0.500000  0.500000
max    1.000000    0.0    0.0  1.000000  1.000000e+00  1.000000e+00  1.000000  1.000000
              pos_x         pos_y         pos_z           x_y         x_y_z             r         tetha           phi
count  7.290000e+02  7.290000e+02  7.290000e+02  7.290000e+02  7.290000e+02  7.290000e+02  7.290000e+02  7.290000e+02
mean  -3.898726e-17  3.898726e-17  2.339235e-16 -9.746814e-18  1.559490e-16  6.043025e-16 -1.559490e-16  1.559490e-16
std    1.000687e+00  1.000687e+00  1.000687e+00  1.000687e+00  1.000687e+00  1.000687e+00  1.000687e+00  1.000687e+00
min   -2.050661e+00 -1.887515e+00 -2.452424e+00 -1.890535e+00 -1.692433e+00 -2.637092e+00 -2.151653e+00 -1.857622e+00
25%   -7.945564e-01 -6.731948e-01 -8.243285e-01 -7.096068e-01 -7.278021e-01 -6.216344e-01 -8.026880e-01 -8.560534e-01
50%    1.265868e-01  1.941771e-01 -8.243285e-01  2.683942e-02 -1.511790e-01  1.257737e-01  9.563100e-02 -1.975847e-02
75%    7.965092e-01  7.146002e-01  9.721902e-01  6.630592e-01  6.895052e-01  7.544234e-01  8.346139e-01  9.518248e-01
max    2.136354e+00  1.755446e+00  9.721902e-01  2.833179e+00  3.017554e+00  2.491650e+00  1.714743e+00  1.459514e+00
              pos_x         pos_y         pos_z           x_y         x_y_z             r         tetha           phi
count  5.610000e+02  5.610000e+02  5.610000e+02  5.610000e+02  5.610000e+02  5.610000e+02  5.610000e+02  5.610000e+02
mean   5.066258e-17  2.533129e-17 -1.646534e-16  5.066258e-17  1.266565e-16 -1.013252e-16  5.066258e-17  2.279816e-16
std    1.000892e+00  1.000892e+00  1.000892e+00  1.000892e+00  1.000892e+00  1.000892e+00  1.000892e+00  1.000892e+00
min   -1.511473e+00 -2.408029e+00 -6.833206e-01 -1.227034e+00 -9.800826e-01 -1.703268e+00 -2.679526e+00 -1.422786e+00
25%   -9.447128e-01 -8.979157e-01 -6.833206e-01 -8.418020e-01 -6.374529e-01 -9.283353e-01 -7.994847e-01 -8.669880e-01
50%   -1.260590e-01 -2.507242e-01 -6.833206e-01 -3.241458e-01 -1.890733e-01 -1.715391e-01  4.228609e-01 -3.704841e-01
75%    9.444883e-01  8.279283e-01  7.649523e-01  7.593206e-01  2.889163e-01  9.432903e-01  8.018039e-01  1.105417e+00
max    1.700169e+00  2.985233e+00  2.363047e+00  2.866061e+00  7.121206e+00  1.901967e+00  1.275294e+00  1.537056e+00
              pos_x         pos_y         pos_z           x_y         x_y_z             r         tetha           phi
count  3.360000e+02  3.360000e+02  3.360000e+02  3.360000e+02  3.360000e+02  3.360000e+02  3.360000e+02  3.360000e+02
mean  -8.458842e-17  6.344132e-17  1.057355e-16  4.758099e-17  1.057355e-16 -4.229421e-17  5.286776e-17  5.075305e-16
std    1.001491e+00  1.001491e+00  1.001491e+00  1.001491e+00  1.001491e+00  1.001491e+00  1.001491e+00  1.001491e+00
min   -1.574232e+00 -1.782484e+00 -1.636745e+00 -1.171284e+00 -1.155369e+00 -1.858600e+00 -1.785215e+00 -3.577491e+00
25%   -7.224735e-01 -7.508887e-01 -2.117591e-01 -7.334320e-01 -8.246455e-01 -7.039200e-01 -7.457407e-01 -3.270914e-01
50%   -8.365483e-02 -3.087767e-01 -2.117591e-01 -2.268979e-01 -2.161960e-01 -1.965840e-01 -1.968261e-01  4.700575e-01
75%    3.422243e-01  7.228181e-01  1.360640e+00  3.740748e-01  5.655591e-01  6.002947e-01  7.064873e-01  7.064359e-01
max    4.388076e+00  2.196525e+00  1.360640e+00  5.124621e+00  4.714464e+00  2.593747e+00  2.751072e+00  7.248902e-01
              pos_x         pos_y         pos_z           x_y         x_y_z             r         tetha           phi
count  3.380000e+02  3.380000e+02  3.380000e+02  3.380000e+02  3.380000e+02  3.380000e+02  3.380000e+02  3.380000e+02
mean  -9.459888e-17  1.681758e-16 -3.153296e-16  4.204395e-17  6.306592e-17 -1.997088e-16  8.408790e-17  9.039449e-16
std    1.001483e+00  1.001483e+00  1.001483e+00  1.001483e+00  1.001483e+00  1.001483e+00  1.001483e+00  1.001483e+00
min   -1.484054e+00 -1.814095e+00 -1.619113e+00 -1.145698e+00 -1.131917e+00 -1.846820e+00 -1.796782e+00 -3.626865e+00
25%   -6.999817e-01 -7.615818e-01 -2.010872e-01 -7.179232e-01 -8.123151e-01 -7.059079e-01 -7.277258e-01 -2.998660e-01
50%   -1.119275e-01 -3.105047e-01 -2.010872e-01 -2.243368e-01 -2.530119e-01 -1.845008e-01 -2.065752e-01  4.635987e-01
75%    4.271222e-01  7.420084e-01  1.363631e+00  3.432875e-01  5.333768e-01  5.596699e-01  6.842148e-01  7.089856e-01
max    6.160651e+00  2.245599e+00  1.363631e+00  4.887024e+00  4.521858e+00  3.559881e+00  2.744696e+00  7.292046e-01
              pos_x         pos_y         pos_z           x_y        x_y_z             r         tetha           phi
count  1.117000e+03  1.117000e+03  1.117000e+03  1.117000e+03  1117.000000  1.117000e+03  1.117000e+03  1.117000e+03
mean   1.272234e-16 -1.526681e-16 -7.633405e-17  2.544468e-17     0.000000 -5.088936e-17 -3.562255e-16 -5.088936e-17
std    1.000448e+00  1.000448e+00  1.000448e+00  1.000448e+00     1.000448  1.000448e+00  1.000448e+00  1.000448e+00
min   -2.626302e+00 -1.603527e+00 -1.352073e+00 -1.898573e+00    -1.415138 -3.026755e+00 -3.480113e+00 -1.604742e+00
25%   -6.198691e-01 -9.599844e-01 -1.352073e+00 -7.272895e-01    -0.867616 -6.608836e-01 -4.926363e-01 -8.242492e-01
50%    2.524930e-01  1.662149e-01  2.955794e-02 -8.569449e-02    -0.195902  1.095618e-01  2.388241e-01 -1.854724e-01
75%    7.759103e-01  8.097573e-01  2.955794e-02  5.857421e-01     0.719555  7.115346e-01  7.677176e-01  6.412547e-01
max    1.735509e+00  1.775071e+00  1.554117e+00  3.185694e+00     2.883364  2.154907e+00  1.434069e+00  2.078688e+00
              pos_x         pos_y        pos_z           x_y         x_y_z             r         tetha           phi
count  1.094000e+03  1.094000e+03  1094.000000  1.094000e+03  1.094000e+03  1.094000e+03  1.094000e+03  1.094000e+03
mean  -1.818574e-16 -1.558777e-16     0.000000 -1.039185e-16  2.078370e-16 -2.597962e-16  9.612461e-16 -3.377351e-16
std    1.000457e+00  1.000457e+00     1.000457  1.000457e+00  1.000457e+00  1.000457e+00  1.000457e+00  1.000457e+00
min   -2.707550e+00 -1.612628e+00    -1.359015 -1.934164e+00 -1.437948e+00 -3.074612e+00 -3.583044e+00 -1.608434e+00
25%   -6.618673e-01 -9.659808e-01    -1.359015 -7.174668e-01 -8.687516e-01 -6.485897e-01 -4.845012e-01 -8.165754e-01
50%    2.275601e-01  1.656516e-01     0.021584 -7.532103e-02 -1.834975e-01  1.113085e-01  2.290250e-01 -2.062330e-01
75%    7.612165e-01  8.122987e-01     0.021584  5.856010e-01  7.257473e-01  7.103594e-01  7.725737e-01  6.220350e-01
max    1.739587e+00  1.782269e+00     1.545004  3.184226e+00  2.864684e+00  2.161758e+00  1.444023e+00  2.128635e+00
              pos_x         pos_y         pos_z           x_y         x_y_z             r         tetha           phi
count  1.199000e+03  1.199000e+03  1.199000e+03  1.199000e+03  1.199000e+03  1.199000e+03  1.199000e+03  1.199000e+03
mean   5.926128e-17 -2.014883e-16  1.185226e-16 -3.555677e-17 -4.740902e-17 -2.370451e-17  2.488974e-16  1.896361e-16
std    1.000417e+00  1.000417e+00  1.000417e+00  1.000417e+00  1.000417e+00  1.000417e+00  1.000417e+00  1.000417e+00
min   -1.570130e+00 -2.727218e+00 -1.507300e+00 -1.463287e+00 -1.228233e+00 -2.390569e+00 -2.407428e+00 -1.934466e+00
25%   -1.016490e+00 -8.881099e-01 -1.071149e-01 -9.493846e-01 -8.222419e-01 -7.849074e-01 -8.265560e-01 -8.914438e-01
50%    9.079201e-02  1.150401e-01 -1.071149e-01 -1.142259e-02 -2.859701e-01  8.024495e-02  1.535893e-01 -3.237044e-02
75%    9.212532e-01  6.166152e-01  1.437917e+00  6.857599e-01  6.586339e-01  7.994453e-01  8.554827e-01  1.060289e+00
max    1.890125e+00  1.786957e+00  1.437917e+00  3.262460e+00  3.384475e+00  2.051680e+00  1.682968e+00  1.292894e+00
              pos_x         pos_y         pos_z           x_y         x_y_z             r         tetha           phi
count  1.191000e+03  1.191000e+03  1.191000e+03  1.191000e+03  1.191000e+03  1.191000e+03  1.191000e+03  1.191000e+03
mean  -7.159121e-17 -2.207396e-16  2.863648e-16  4.772747e-17  1.909099e-16  1.909099e-16  1.193187e-17  4.772747e-17
std    1.000420e+00  1.000420e+00  1.000420e+00  1.000420e+00  1.000420e+00  1.000420e+00  1.000420e+00  1.000420e+00
min   -1.565090e+00 -2.725819e+00 -1.511048e+00 -1.455431e+00 -1.222285e+00 -2.388174e+00 -2.401636e+00 -1.949777e+00
25%   -1.009743e+00 -8.920430e-01 -9.798453e-02 -9.503590e-01 -8.186276e-01 -7.834826e-01 -8.262873e-01 -8.920996e-01
50%    1.009510e-01  1.081985e-01 -9.798453e-02 -2.618432e-02 -2.918067e-01  8.213270e-02  1.404544e-01 -9.243749e-03
75%    8.645532e-01  7.750262e-01 -9.798453e-02  6.776929e-01  6.580966e-01  8.058964e-01  8.613273e-01  1.058623e+00
max    1.905829e+00  1.775268e+00  1.461258e+00  3.254994e+00  3.392082e+00  2.065402e+00  1.698019e+00  1.282334e+00
              pos_x         pos_y         pos_z           x_y         x_y_z             r         tetha           phi
count  1.030000e+02  1.030000e+02  1.030000e+02  1.030000e+02  1.030000e+02  1.030000e+02  1.030000e+02  1.030000e+02
mean   6.359530e-17  2.242004e-16  7.997917e-16 -1.142560e-16 -6.467319e-18  2.325001e-15  3.578583e-16  2.339014e-16
std    1.004890e+00  1.004890e+00  1.004890e+00  1.004890e+00  1.004890e+00  1.004890e+00  1.004890e+00  1.004890e+00
min   -3.998556e+00 -1.624525e+00 -9.880251e-01 -1.993060e+00 -1.256628e+00 -3.842883e+00 -2.132276e+00 -1.946191e+00
25%   -4.732195e-01 -9.319501e-01 -9.880251e-01 -9.110952e-01 -9.934974e-01 -3.474889e-01 -8.030391e-01 -9.405647e-01
50%    2.931580e-01  3.146844e-01  9.283587e-01  2.999250e-01  3.514974e-01  3.190521e-01 -2.484748e-01  2.581766e-01
75%    7.529845e-01  8.687442e-01  9.283587e-01  8.476602e-01  9.627680e-01  6.468389e-01  9.384031e-01  8.073866e-01
max    1.519362e+00  1.284289e+00  3.042989e+00  1.680518e+00  1.684595e+00  1.396688e+00  1.936033e+00  2.080194e+00
              pos_x         pos_y         pos_z           x_y         x_y_z           r         tetha           phi
count  1.490000e+02  1.490000e+02  1.490000e+02  1.490000e+02  1.490000e+02  149.000000  1.490000e+02  1.490000e+02
mean   1.907497e-16 -2.503590e-16  1.645216e-15  1.430623e-16  9.537486e-17    0.000000  3.814995e-16 -3.338120e-16
std    1.003373e+00  1.003373e+00  1.003373e+00  1.003373e+00  1.003373e+00    1.003373  1.003373e+00  1.003373e+00
min   -2.212358e+00 -5.496375e+00 -3.701740e+00 -2.127741e+00 -2.023819e+00   -1.845932 -3.010427e+00 -2.909334e+00
25%   -8.356259e-01 -6.484095e-01 -6.398277e-02 -8.429801e-01 -8.310103e-01   -0.821875 -7.854426e-01 -8.807552e-01
50%   -2.333054e-01  4.415692e-02 -6.398277e-02 -2.243917e-01 -2.281929e-01   -0.298686 -3.149405e-02  1.463106e-01
75%    9.713357e-01  7.367234e-01 -6.398277e-02  7.986583e-01  8.107052e-01    0.936428  8.675695e-01  8.716838e-01
max    1.659702e+00  1.083007e+00  3.950094e+00  2.154794e+00  2.242834e+00    1.926265  2.565327e+00  1.611856e+00
              pos_x         pos_y         pos_z           x_y         x_y_z             r         tetha           phi
count  6.000000e+00  6.000000e+00  6.000000e+00  6.000000e+00  6.000000e+00  6.000000e+00  6.000000e+00  6.000000e+00
mean  -3.441691e-15  3.515706e-16  3.515706e-16 -4.440892e-16  1.110223e-16 -2.525757e-15 -5.088522e-16  8.234154e-16
std    1.095445e+00  1.095445e+00  1.095445e+00  1.095445e+00  1.095445e+00  1.095445e+00  1.095445e+00  1.095445e+00
min   -1.212678e+00 -2.176449e+00 -2.236068e+00 -2.150557e+00 -2.215258e+00 -1.912313e+00 -6.932373e-01 -2.199477e+00
25%   -8.488747e-01  1.026627e-01  4.472136e-01  3.737721e-02  2.478879e-01 -3.712821e-01 -5.730073e-01  1.907740e-01
50%    2.425356e-01  4.106508e-01  4.472136e-01  3.874466e-01  4.218500e-01  2.845518e-01 -3.703968e-01  3.719024e-01
75%    2.425356e-01  5.338460e-01  4.472136e-01  5.529091e-01  5.040743e-01  6.782943e-01 -1.850860e-01  5.711495e-01
max    1.697749e+00  7.802365e-01  4.472136e-01  8.469128e-01  6.501754e-01  1.123561e+00  2.197891e+00  6.877093e-01
       pos_x  pos_y  pos_z  x_y  x_y_z    r  tetha  phi
count    1.0    1.0    1.0  1.0    1.0  1.0    1.0  1.0
mean     0.0    0.0    0.0  0.0    0.0  0.0    0.0  0.0
std      NaN    NaN    NaN  NaN    NaN  NaN    NaN  NaN
min      0.0    0.0    0.0  0.0    0.0  0.0    0.0  0.0
25%      0.0    0.0    0.0  0.0    0.0  0.0    0.0  0.0
50%      0.0    0.0    0.0  0.0    0.0  0.0    0.0  0.0
75%      0.0    0.0    0.0  0.0    0.0  0.0    0.0  0.0
max      0.0    0.0    0.0  0.0    0.0  0.0    0.0  0.0
            pos_x       pos_y         pos_z           x_y         x_y_z             r         tetha           phi
count  302.000000  302.000000  3.020000e+02  3.020000e+02  3.020000e+02  3.020000e+02  3.020000e+02  3.020000e+02
mean     0.000000    0.000000  2.352791e-16 -4.705581e-17 -2.382200e-16  2.823349e-16 -2.823349e-16 -4.705581e-17
std      1.001660    1.001660  1.001660e+00  1.001660e+00  1.001660e+00  1.001660e+00  1.001660e+00  1.001660e+00
min     -1.295596   -1.870579 -1.604796e+00 -1.288919e+00 -1.197914e+00 -1.944959e+00 -1.783207e+00 -3.234316e+00
25%     -0.709277   -0.732621 -1.583822e-01 -7.624812e-01 -8.399901e-01 -6.880657e-01 -7.124361e-01 -2.847184e-01
50%     -0.122959   -0.244925 -1.583822e-01 -1.348053e-01 -2.135883e-01 -1.564432e-01 -1.644133e-01  4.793820e-01
75%      0.267920    0.567902  1.437661e+00  5.198675e-01  6.582121e-01  6.391679e-01  6.655900e-01  7.200302e-01
max      4.763029    2.518687  1.437661e+00  7.080094e+00  6.252811e+00  3.201704e+00  2.642067e+00  7.460991e-01
              pos_x         pos_y         pos_z           x_y         x_y_z             r         tetha           phi
count  6.300000e+02  6.300000e+02  6.300000e+02  6.300000e+02  6.300000e+02  6.300000e+02  6.300000e+02  6.300000e+02
mean   1.353415e-16  9.022765e-17 -1.353415e-16  2.142907e-16  9.022765e-17  5.639228e-16 -1.015061e-15  2.255691e-17
std    1.000795e+00  1.000795e+00  1.000795e+00  1.000795e+00  1.000795e+00  1.000795e+00  1.000795e+00  1.000795e+00
min   -4.645083e+00 -1.593043e+00 -1.455754e+00 -2.324682e+00 -1.683979e+00 -4.486141e+00 -3.834664e+00 -1.773269e+00
25%   -6.251156e-01 -9.389011e-01 -1.067791e-02 -7.509457e-01 -8.705029e-01 -5.823089e-01 -6.747553e-01 -8.199374e-01
50%    4.487900e-02  4.231155e-02 -1.067791e-02 -1.402419e-01 -1.014061e-01  3.751706e-02  7.091831e-02 -5.523417e-02
75%    7.148736e-01  8.599887e-01 -1.067791e-02  6.339034e-01  7.481505e-01  6.564604e-01  8.289894e-01  6.848378e-01
max    1.920864e+00  1.841201e+00  1.583889e+00  2.975913e+00  2.585719e+00  2.240618e+00  1.734225e+00  3.442981e+00
              pos_x         pos_y         pos_z         x_y         x_y_z             r         tetha           phi
count  1.940000e+02  1.940000e+02  1.940000e+02  194.000000  1.940000e+02  1.940000e+02  1.940000e+02  1.940000e+02
mean   5.493887e-17  3.662591e-16  1.831296e-16    0.000000 -1.350581e-16  5.493887e-17 -3.204767e-16 -2.701161e-16
std    1.002587e+00  1.002587e+00  1.002587e+00    1.002587  1.002587e+00  1.002587e+00  1.002587e+00  1.002587e+00
min   -1.740487e+00 -8.395738e-01 -4.559962e-01   -1.297991 -1.324009e+00 -1.547166e+00 -2.793798e+00 -1.233589e+00
25%   -9.153294e-01 -4.660020e-01 -4.559962e-01   -0.624753 -7.561295e-01 -7.900783e-01 -4.723921e-01 -8.034485e-01
50%   -9.017186e-02 -2.792161e-01 -4.559962e-01   -0.249294 -2.409813e-01 -1.819647e-01  3.928373e-01 -3.522498e-01
75%    8.175015e-01 -9.243015e-02 -4.559962e-01    0.326842  5.276847e-01  7.677162e-01  7.455601e-01  6.589017e-01
max    2.220269e+00  4.016860e+00  4.277564e+00    4.528101  3.531364e+00  2.467289e+00  1.101733e+00  1.965930e+00
       pos_x  pos_y  pos_z  x_y  x_y_z    r  tetha  phi
count    1.0    1.0    1.0  1.0    1.0  1.0    1.0  1.0
mean     0.0    0.0    0.0  0.0    0.0  0.0    0.0  0.0
std      NaN    NaN    NaN  NaN    NaN  NaN    NaN  NaN
min      0.0    0.0    0.0  0.0    0.0  0.0    0.0  0.0
25%      0.0    0.0    0.0  0.0    0.0  0.0    0.0  0.0
50%      0.0    0.0    0.0  0.0    0.0  0.0    0.0  0.0
75%      0.0    0.0    0.0  0.0    0.0  0.0    0.0  0.0
max      0.0    0.0    0.0  0.0    0.0  0.0    0.0  0.0
       pos_x  pos_y  pos_z  x_y  x_y_z    r  tetha  phi
count    1.0    1.0    1.0  1.0    1.0  1.0    1.0  1.0
mean     0.0    0.0    0.0  0.0    0.0  0.0    0.0  0.0
std      NaN    NaN    NaN  NaN    NaN  NaN    NaN  NaN
min      0.0    0.0    0.0  0.0    0.0  0.0    0.0  0.0
25%      0.0    0.0    0.0  0.0    0.0  0.0    0.0  0.0
50%      0.0    0.0    0.0  0.0    0.0  0.0    0.0  0.0
75%      0.0    0.0    0.0  0.0    0.0  0.0    0.0  0.0
max      0.0    0.0    0.0  0.0    0.0  0.0    0.0  0.0
              pos_x         pos_y         pos_z           x_y       x_y_z             r         tetha           phi
count  2.500000e+02  2.500000e+02  2.500000e+02  2.500000e+02  250.000000  2.500000e+02  2.500000e+02  2.500000e+02
mean   5.115908e-16  5.684342e-17  3.694822e-16  5.684342e-17    0.000000 -2.842171e-16  1.278977e-15 -1.705303e-16
std    1.002006e+00  1.002006e+00  1.002006e+00  1.002006e+00    1.002006  1.002006e+00  1.002006e+00  1.002006e+00
min   -3.888994e+00 -1.287686e+00 -5.154482e-01 -1.740839e+00   -0.839566 -3.691309e+00 -2.456232e+00 -1.766988e+00
25%   -6.264152e-01 -9.273930e-01 -5.154482e-01 -7.664803e-01   -0.606921 -5.482422e-01 -8.039015e-01 -8.491633e-01
50%    1.150801e-01 -2.666165e-02 -5.154482e-01 -9.649302e-02   -0.429992  1.510415e-01  1.202328e-01 -1.239759e-01
75%    7.082763e-01  8.290332e-01 -5.154482e-01  6.421634e-01   -0.161620  6.902177e-01  8.463851e-01  8.097701e-01
max    1.598071e+00  2.495386e+00  2.700831e+00  2.936081e+00    2.866427  1.868184e+00  1.762737e+00  2.423625e+00
